1.000000000000000000e+00,3.931000000000000000e+03,2.312000000000000000e+03,1.816000000000000000e+03,2.950000000000000000e+03,9.610000000000000000e+03,9.033000000000000000e+03,3.048000000000000000e+03,1.830000000000000000e+03
3.931000000000000000e+03,1.000000000000000000e+00,6.805000000000000000e+03,2.090000000000000000e+03,5.899000000000000000e+03,4.373000000000000000e+03,8.281000000000000000e+03,3.311000000000000000e+03,8.211000000000000000e+03
2.312000000000000000e+03,6.805000000000000000e+03,1.000000000000000000e+00,9.850000000000000000e+02,7.463000000000000000e+03,7.727000000000000000e+03,2.532000000000000000e+03,3.025000000000000000e+03,4.166000000000000000e+03
1.816000000000000000e+03,2.090000000000000000e+03,9.850000000000000000e+02,1.000000000000000000e+00,5.901000000000000000e+03,4.961000000000000000e+03,1.639000000000000000e+03,3.530000000000000000e+03,7.459000000000000000e+03
2.950000000000000000e+03,5.899000000000000000e+03,7.463000000000000000e+03,5.901000000000000000e+03,1.000000000000000000e+00,2.510000000000000000e+02,4.968000000000000000e+03,1.637000000000000000e+03,6.368000000000000000e+03
9.610000000000000000e+03,4.373000000000000000e+03,7.727000000000000000e+03,4.961000000000000000e+03,2.510000000000000000e+02,1.000000000000000000e+00,8.065000000000000000e+03,1.791000000000000000e+03,9.072000000000000000e+03
9.033000000000000000e+03,8.281000000000000000e+03,2.532000000000000000e+03,1.639000000000000000e+03,4.968000000000000000e+03,8.065000000000000000e+03,1.000000000000000000e+00,7.093000000000000000e+03,6.109000000000000000e+03
3.048000000000000000e+03,3.311000000000000000e+03,3.025000000000000000e+03,3.530000000000000000e+03,1.637000000000000000e+03,1.791000000000000000e+03,7.093000000000000000e+03,1.000000000000000000e+00,2.307000000000000000e+03
1.830000000000000000e+03,8.211000000000000000e+03,4.166000000000000000e+03,7.459000000000000000e+03,6.368000000000000000e+03,9.072000000000000000e+03,6.109000000000000000e+03,2.307000000000000000e+03,1.000000000000000000e+00