1.000000000000000000e+00,4.853000000000000000e+03,8.215000000000000000e+03,9.280000000000000000e+03,8.570000000000000000e+02,3.398000000000000000e+03,9.922000000000000000e+03,7.482000000000000000e+03,4.593000000000000000e+03
4.853000000000000000e+03,1.000000000000000000e+00,1.770000000000000000e+03,4.736000000000000000e+03,1.155000000000000000e+03,7.694000000000000000e+03,2.502000000000000000e+03,5.051000000000000000e+03,9.833000000000000000e+03
8.215000000000000000e+03,1.770000000000000000e+03,1.000000000000000000e+00,8.166000000000000000e+03,6.555000000000000000e+03,7.779000000000000000e+03,3.756000000000000000e+03,1.420000000000000000e+02,1.121000000000000000e+03
9.280000000000000000e+03,4.736000000000000000e+03,8.166000000000000000e+03,1.000000000000000000e+00,3.042000000000000000e+03,3.740000000000000000e+02,7.120000000000000000e+03,8.098000000000000000e+03,7.658000000000000000e+03
8.570000000000000000e+02,1.155000000000000000e+03,6.555000000000000000e+03,3.042000000000000000e+03,1.000000000000000000e+00,9.881000000000000000e+03,3.606000000000000000e+03,4.932000000000000000e+03,5.720000000000000000e+02
3.398000000000000000e+03,7.694000000000000000e+03,7.779000000000000000e+03,3.740000000000000000e+02,9.881000000000000000e+03,1.000000000000000000e+00,8.754000000000000000e+03,9.780000000000000000e+02,2.134000000000000000e+03
9.922000000000000000e+03,2.502000000000000000e+03,3.756000000000000000e+03,7.120000000000000000e+03,3.606000000000000000e+03,8.754000000000000000e+03,1.000000000000000000e+00,1.515000000000000000e+03,5.017000000000000000e+03
7.482000000000000000e+03,5.051000000000000000e+03,1.420000000000000000e+02,8.098000000000000000e+03,4.932000000000000000e+03,9.780000000000000000e+02,1.515000000000000000e+03,1.000000000000000000e+00,2.668000000000000000e+03
4.593000000000000000e+03,9.833000000000000000e+03,1.121000000000000000e+03,7.658000000000000000e+03,5.720000000000000000e+02,2.134000000000000000e+03,5.017000000000000000e+03,2.668000000000000000e+03,1.000000000000000000e+00
